worst: ([0, 1000, 2000, 3000, 4000, 5000, 6000, 7000, 8000, 9000, 10000, 11000, 12000, 13000, 14000, 15000, 16000, 17000, 18000, 19000, 20000], [0.0, 0.09462785720825195, 0.34252452850341797, 0.9551944732666016, 1.7189936637878418, 2.655916213989258, 3.871490240097046, 5.304173946380615, 6.917407274246216, 8.755049228668213, 10.837873697280884, 13.113044023513794, 15.61015772819519, 18.363051652908325, 21.469491004943848, 24.536125659942627, 27.840243816375732, 31.44068479537964, 35.28808069229126, 39.449641942977905, 43.70161414146423], [0.0, 0.04188847541809082, 0.22759079933166504, 0.5147140026092529, 0.9266855716705322, 1.438169002532959, 2.075909376144409, 2.808114767074585, 3.6849617958068848, 4.63625168800354, 5.711116790771484, 6.932113885879517, 8.229732036590576, 9.62410306930542, 11.254684448242188, 12.870235919952393, 14.6655592918396, 16.497644901275635, 18.486594438552856, 20.636662244796753, 22.903821229934692])
best: ([0, 1000, 2000, 3000, 4000, 5000, 6000, 7000, 8000, 9000, 10000, 11000, 12000, 13000, 14000, 15000, 16000, 17000, 18000, 19000, 20000], [0.0, 0.0, 0.0007607936859130859, 0.0017390251159667969, 0.0, 0.0013926029205322266, 0.001739501953125, 0.0018725395202636719, 0.003477811813354492, 0.0017392635345458984, 0.003130674362182617, 0.0034775733947753906, 0.003476858139038086, 0.004987955093383789, 0.0046460628509521484, 0.003477334976196289, 0.0034189224243164062, 0.004997730255126953, 0.005216121673583984, 0.005215644836425781, 0.005215167999267578], [0.0, 0.05651998519897461, 0.22084736824035645, 0.5138177871704102, 0.8687388896942139, 1.3591513633728027, 1.9452970027923584, 2.6341593265533447, 3.4670817852020264, 4.419023275375366, 5.505932807922363, 6.5489771366119385, 7.808825731277466, 9.097023725509644, 10.59349012374878, 12.226754665374756, 13.89527416229248, 15.750439882278442, 17.632854461669922, 19.554832220077515, 21.873757123947144])
average: ([0, 1000, 2000, 3000, 4000, 5000, 6000, 7000, 8000, 9000, 10000, 11000, 12000, 13000, 14000, 15000, 16000, 17000, 18000, 19000, 20000], [0.0, 0.05565977096557617, 0.22899818420410156, 0.5073750019073486, 0.8966901302337646, 1.4979300498962402, 2.1617000102996826, 2.7072887420654297, 3.5469298362731934, 4.52109432220459, 5.654414415359497, 7.231454849243164, 8.523547172546387, 9.550057888031006, 11.082477807998657, 13.38016128540039, 14.24484896659851, 16.181527376174927, 18.252084016799927, 20.123775482177734, 22.91689968109131], [0.0, 0.057123661041259766, 0.21846437454223633, 0.48746538162231445, 0.8705048561096191, 1.3811359405517578, 1.9993679523468018, 2.733989715576172, 3.525117874145508, 4.579447984695435, 5.533929347991943, 6.797399997711182, 8.131459951400757, 9.296146392822266, 10.930755138397217, 12.559042692184448, 14.302406072616577, 16.087441205978394, 18.197458744049072, 20.29233193397522, 22.319154500961304])
